500
0110101000101000001000100000101000001000
100000000264675
0100100000100000001000100000001000000000
100000000793451
0100101000101000000000000000100000001000
100000000247785
0110101000101000001000100000101000001000
100000000306404
0010101000001000000000100000100000001000
100000000819750
0110101000100000001000100000101000001000
100000000828390
0010101000101000001000100000101000001000
100000000815999
0010101000101000000000100000101000001000
100000000501316
0010101000101000001000000000101000001000
100000000354500
0110101000101000001000100000101000001000
100000000666464
0010000000100000000000100000101000001000
100000000508732
0100101000101000001000100000101000001000
100000000874374
0010000000101000001000100000101000001000
100000000932647
0110100000101000001000000000101000001000
100000000512366
0110100000101000000000000000100000000000
100000000555223
0110101000101000001000100000101000001000
100000000538927
0100101000101000001000100000001000001000
100000000898006
0110000000001000001000100000101000001000
100000000359984
0100101000101000001000100000001000001000
100000000783118
0010001000100000001000100000101000001000
100000000856633
0100001000101000001000100000100000000000
100000000637400
0010100000101000001000100000101000001000
100000000591460
0010101000001000001000000000001000001000
100000000003116
0100000000101000001000100000101000001000
100000000967340
0100001000101000001000100000100000001000
100000000402737
0110101000101000001000100000101000001000
100000000578249
0010100000101000001000100000101000001000
100000000062476
0110101000101000001000100000101000001000
100000000756470
0110101000101000001000100000001000001000
100000000300129
0110101000101000001000100000101000001000
100000000409385
0100001000101000000000100000100000000000
100000000599713
0010101000000000001000100000000000001000
100000000601207
0110101000101000001000100000101000001000
100000000469999
0110101000101000000000000000101000001000
100000000144095
0110000000001000001000000000101000001000
100000000169367
0110101000101000001000100000101000001000
100000000017975
0000001000101000001000100000100000001000
100000000679492
0010101000101000001000100000001000001000
100000000531894
0100101000101000001000100000101000001000
100000000690733
0110101000101000001000100000101000001000
100000000413845
0110100000100000001000000000000000001000
100000000190779
0110101000001000001000100000100000001000
100000000369095
0110101000101000001000100000101000001000
100000000950521
0110001000101000001000100000101000001000
100000000349769
0100101000001000001000000000000000001000
100000000217605
0110101000101000001000100000101000001000
100000000509238
0110001000101000001000100000101000000000
100000000636583
0110000000101000001000000000101000001000
100000000921471
0000100000101000001000100000000000001000
100000000067906
0110101000101000000000100000000000000000
100000000852738
0010101000100000000000100000101000001000
100000000119988
0110100000000000001000100000100000001000
100000000604703
0110000000101000001000100000001000000000
100000000590956
0110100000101000001000100000101000001000
100000000005566
0110101000101000001000100000001000001000
100000000672163
0110101000001000001000100000101000001000
100000000275406
0110101000101000001000100000101000000000
100000000530091
0110000000001000001000000000100000001000
100000000618008
0110000000000000001000100000101000001000
100000000600366
0110101000101000001000100000001000001000
100000000519217
0110101000101000001000100000101000001000
100000000238394
0010101000100000001000100000001000001000
100000000322466
0110101000101000000000100000101000001000
100000000328145
0100101000101000000000000000100000001000
100000000583217
0110101000001000000000100000100000001000
100000000153627
0110101000001000001000100000101000001000
100000000629957
0100101000000000000000100000001000001000
100000000897022
0010101000101000001000100000101000000000
100000000140422
0110100000101000000000100000100000000000
100000000228765
0110101000101000001000100000101000001000
100000000469348
0010101000101000000000100000101000000000
100000000934145
0110101000101000001000100000101000001000
100000000279807
0110000000100000000000100000001000001000
100000000366280
0110001000100000000000100000101000001000
100000000787903
0110001000101000001000100000101000001000
100000000435389
0000101000101000001000100000101000000000
100000000645556
0010101000101000001000000000101000001000
100000000824817
0110101000101000001000100000101000001000
100000000809854
0010101000001000001000100000101000001000
100000000983110
0010000000001000001000100000001000001000
100000000743389
0110101000101000001000100000101000000000
100000000200384
0110101000100000001000100000101000001000
100000000227867
0110101000101000001000100000101000001000
100000000137084
0010101000100000001000000000001000001000
100000000221178
0110101000101000000000000000000000001000
100000000311993
0110101000100000001000100000101000001000
100000000531950
0110001000100000000000100000100000001000
100000000813427
0000101000100000001000100000001000001000
100000000745806
0010101000100000000000100000101000001000
100000000010954
0010001000101000001000000000100000000000
100000000698819
0110100000001000001000100000101000001000
100000000375467
0010101000101000001000100000100000001000
100000000719915
0110100000000000001000100000101000000000
100000000691453
0010100000001000001000100000101000000000
100000000665703
0110101000101000001000100000101000001000
100000000444928
0110001000101000001000100000101000001000
100000000220966
0010101000000000001000100000101000000000
100000000197124
0110101000001000001000100000101000000000
100000000673532
0110100000101000001000100000101000000000
100000000823573
0110101000001000001000100000001000000000
100000000551908
0110100000101000001000100000101000001000
100000000179102
0110101000101000001000100000101000001000
100000000305202
0110001000101000001000100000100000001000
100000000688015
0100101000101000001000100000101000001000
100000000558992
0110100000101000001000100000101000001000
100000000801192
0110101000101000001000100000001000001000
100000000405266
0010101000101000001000100000100000001000
100000000692503
0110000000101000001000000000100000001000
100000000728660
0110001000001000001000100000101000001000
100000000298937
0110101000101000000000100000001000001000
100000000967043
0010101000000000001000000000101000001000
100000000065341
0110100000101000001000100000001000001000
100000000663425
0010101000101000001000100000001000001000
100000000950130
0000101000101000001000100000101000000000
100000000222368
0110100000100000001000100000101000001000
100000000898785
0010100000101000001000000000101000001000
100000000786677
0110101000101000001000100000101000001000
100000000621354
0100101000000000001000100000001000001000
100000000629238
0010100000101000000000000000101000001000
100000000265663
0100101000100000001000100000101000000000
100000000971619
0110101000101000001000100000101000001000
100000000666448
0110101000000000000000000000101000001000
100000000689824
0010101000101000001000000000101000001000
100000000308951
0110101000100000001000000000000000000000
100000000966441
0110101000001000000000000000101000000000
100000000663126
0100101000001000001000100000101000001000
100000000491009
0100101000001000001000100000101000001000
100000000222059
0100001000101000001000100000101000000000
100000000300279
0100101000101000001000100000101000001000
100000000987094
0110100000001000000000100000000000001000
100000000545152
0110101000101000001000100000101000000000
100000000809033
0110001000100000001000000000101000001000
100000000354408
0110100000101000001000100000101000001000
100000000565320
0110101000100000001000100000101000001000
100000000476807
0110101000101000001000100000101000001000
100000000681129
0110001000101000001000100000100000001000
100000000715074
0010100000001000001000100000101000000000
100000000174038
0110101000101000000000100000101000001000
100000000424208
0110101000101000001000100000000000001000
100000000527043
0100001000101000001000100000101000001000
100000000565005
0110101000001000001000100000101000001000
100000000779831
0110101000001000000000100000000000000000
100000000338757
0110101000101000001000100000101000001000
100000000608288
0110000000101000000000100000101000001000
100000000041391
0110101000101000001000100000101000001000
100000000347858
0010101000101000000000000000101000000000
100000000639771
0110101000101000001000000000101000001000
100000000026339
0110101000101000001000100000001000001000
100000000417752
0110101000101000001000100000101000001000
100000000097267
0100001000101000001000100000100000000000
100000000981306
0110001000101000001000100000100000001000
100000000566830
0100000000101000001000100000001000001000
100000000401877
0110101000100000000000100000100000001000
100000000214355
0110101000101000000000100000101000001000
100000000245510
0010001000101000001000100000100000001000
100000000809713
0110101000101000001000000000101000001000
100000000769057
0110101000001000001000100000101000001000
100000000441742
0110101000101000001000100000101000001000
100000000895106
0110101000101000000000100000101000001000
100000000107717
0000101000100000001000000000100000001000
100000000733995
0100101000101000001000100000100000001000
100000000801846
0110000000001000001000100000001000001000
100000000576996
0110101000101000001000100000101000001000
100000000705076
0110100000101000001000100000100000001000
100000000334506
0110100000001000000000100000001000000000
100000000743045
0100101000000000000000000000101000001000
100000000499859
0100001000000000001000100000101000000000
100000000229644
0110001000100000001000100000100000000000
100000000974305
0110001000001000001000000000100000000000
100000000588665
0110101000101000001000100000101000001000
100000000182102
0010101000000000001000100000001000000000
100000000989766
0110101000101000001000100000101000001000
100000000284192
0110100000101000001000100000101000001000
100000000634643
0110101000001000001000100000100000001000
100000000384734
0110101000101000001000100000101000001000
100000000035516
0110101000101000001000000000100000000000
100000000666775
0110100000001000001000100000101000001000
100000000343061
0100101000001000001000000000101000001000
100000000202267
0010101000000000001000000000101000001000
100000000585501
0110100000001000001000100000001000000000
100000000259240
0110101000101000001000100000101000001000
100000000304928
0110001000001000001000100000101000000000
100000000914099
0100001000100000000000100000101000001000
100000000036540
0110101000101000001000100000101000001000
100000000879088
0110100000101000000000100000101000000000
100000000445595
0110101000100000001000100000101000001000
100000000289028
0100001000101000001000000000001000001000
100000000120614
0010100000101000001000100000101000001000
100000000941948
0000101000101000000000100000101000000000
100000000612951
0110101000101000001000100000101000001000
100000000361474
0110101000101000001000100000101000001000
100000000715705
0010101000101000001000100000101000001000
100000000002855
0000101000101000000000100000101000000000
100000000689692
0110001000001000000000100000101000001000
100000000370598
0010001000000000001000100000100000001000
100000000556789
0010100000001000001000100000101000001000
100000000036309
0000101000101000001000100000001000001000
100000000453421
0110101000101000001000100000101000001000
100000000062536
0110101000100000001000100000101000001000
100000000191104
0010100000100000001000100000101000000000
100000000085328
0010001000001000000000000000101000001000
100000000331312
0110101000001000001000100000101000001000
100000000131003
0100101000101000001000100000101000001000
100000000736799
0110101000101000001000100000101000001000
100000000255470
0110001000101000001000100000101000001000
100000000820950
0110101000001000001000100000101000000000
100000000053525
0110101000100000000000100000001000000000
100000000007342
0110101000101000001000100000101000001000
100000000535921
0110101000100000000000100000001000001000
100000000292229
0100100000001000000000100000101000000000
100000000737217
0110101000101000001000000000000000001000
100000000969608
0110101000101000000000100000001000001000
100000000464555
0110001000001000001000100000101000001000
100000000043074
0110101000101000001000100000101000001000
100000000975005
0110101000101000001000100000100000001000
100000000155503
0110101000101000001000100000001000001000
100000000048910
0110101000101000000000100000101000001000
100000000905055
0010101000101000000000100000100000001000
100000000251795
0110001000101000001000100000101000001000
100000000894641
0110101000101000001000100000001000000000
100000000380693
0110101000101000001000100000100000001000
100000000711559
0110101000101000001000100000101000001000
100000000432473
0010001000100000001000000000101000000000
100000000368056
0110101000101000001000100000100000001000
100000000204172
0110100000101000001000100000001000001000
100000000592147
0110000000100000001000100000101000000000
100000000579903
0110100000101000001000100000101000000000
100000000848875
0110101000101000001000100000101000000000
100000000670856
0010000000001000001000100000101000000000
100000000069809
0110101000101000001000100000101000001000
100000000832451
0110100000101000001000000000101000000000
100000000396325
0100101000100000000000100000001000000000
100000000514083
0110101000101000001000100000101000001000
100000000294448
0010100000100000001000100000001000001000
100000000989327
0110101000001000000000100000100000001000
100000000937285
0100001000001000001000000000101000000000
100000000848100
0110101000101000001000100000101000001000
100000000210665
0110101000000000001000000000101000001000
100000000299015
0110001000101000000000100000000000001000
100000000277610
0110101000001000001000100000000000000000
100000000794441
0010101000101000000000100000001000001000
100000000096145
0010001000100000001000100000101000001000
100000000079965
0110101000100000001000100000001000001000
100000000032966
0100001000100000001000000000101000001000
100000000948820
0110101000000000001000000000101000000000
100000000023839
0010100000101000000000100000101000001000
100000000379269
0110101000101000001000100000101000001000
100000000139406
0100101000101000000000100000100000001000
100000000576598
0110101000101000001000100000100000001000
100000000670890
0100001000001000001000100000100000001000
100000000330762
0110101000101000001000100000101000001000
100000000784109
0110001000101000001000100000100000001000
100000000281750
0110101000101000001000100000101000001000
100000000737205
0010101000100000001000000000001000001000
100000000092984
0110100000101000001000000000101000001000
100000000383940
0110101000101000001000100000101000000000
100000000656272
0110100000100000001000100000101000000000
100000000059535
0000100000100000001000100000001000001000
100000000794402
0010100000000000001000100000101000000000
100000000037061
0110100000100000001000000000001000000000
100000000199707
0110101000101000001000100000101000001000
100000000689594
0110100000101000001000100000101000001000
100000000024024
0000101000100000001000100000001000001000
100000000005444
0110101000001000000000000000101000001000
100000000248186
0110000000101000001000100000101000000000
100000000376409
0100001000101000001000100000101000001000
100000000728824
0110101000101000001000100000101000001000
100000000922095
0000101000101000001000100000101000001000
100000000750221
0110000000001000001000000000100000001000
100000000985567
0110001000001000000000100000101000000000
100000000534120
0010101000101000000000000000101000001000
100000000159278
0110001000101000001000100000101000001000
100000000152270
0100100000101000000000000000001000001000
100000000699654
0110101000100000001000100000101000000000
100000000567837
0000101000100000001000100000101000001000
100000000137178
0100101000101000001000000000001000000000
100000000603597
0110101000001000001000100000101000000000
100000000982626
0110101000101000001000100000101000001000
100000000272752
0110101000101000001000100000101000001000
100000000611503
0110100000101000001000100000001000001000
100000000509490
0010101000001000000000100000001000000000
100000000459889
0100101000101000001000000000100000001000
100000000929236
0110101000101000000000100000101000001000
100000000336289
0110101000101000001000100000101000001000
100000000988435
0110101000101000001000100000101000001000
100000000651216
0110101000101000000000100000101000001000
100000000880254
0110001000100000001000000000000000001000
100000000431541
0110100000101000001000100000101000001000
100000000997009
0110101000100000001000100000001000001000
100000000124871
0110100000101000001000000000101000001000
100000000523678
0110101000101000001000100000101000001000
100000000613664
0010101000001000001000100000100000000000
100000000061110
0110101000101000001000100000101000001000
100000000472585
0110100000100000000000000000101000001000
100000000032057
0110101000001000000000000000001000000000
100000000116287
0110000000101000001000100000100000000000
100000000489883
0010101000001000000000000000101000001000
100000000732516
0110101000101000001000000000101000000000
100000000134928
0110101000001000001000100000101000001000
100000000190416
0010100000001000000000100000001000001000
100000000356547
0110101000101000001000100000101000001000
100000000428399
0110101000101000001000000000101000001000
100000000120079
0110101000101000001000000000101000001000
100000000969117
0110001000101000001000100000001000001000
100000000214137
0110101000101000001000000000101000001000
100000000423061
0010101000100000000000100000101000000000
100000000421053
0110101000101000001000100000101000001000
100000000119865
0110001000100000000000100000101000001000
100000000248070
0000101000000000001000100000100000001000
100000000749843
0100101000001000001000000000101000001000
100000000065003
0110101000001000001000100000001000001000
100000000887689
0110101000001000001000100000101000001000
100000000247601
0100100000001000001000000000001000001000
100000000759627
0010101000101000001000100000000000001000
100000000789503
0000101000100000001000100000100000001000
100000000124535
0000100000101000001000100000101000001000
100000000761225
0110101000101000001000100000101000001000
100000000981452
0110100000001000001000100000101000001000
100000000658063
0110101000101000001000100000101000001000
100000000938629
0110101000101000001000100000101000001000
100000000763230
0110001000101000001000100000101000001000
100000000173744
0010101000001000001000100000100000001000
100000000896408
0110101000001000001000100000101000001000
100000000960962
0110101000101000001000100000101000000000
100000000495451
0100101000100000000000100000001000000000
100000000868702
0110101000101000001000100000101000001000
100000000358351
0110101000001000001000100000101000001000
100000000827391
0110101000101000001000100000101000001000
100000000965324
0010101000100000001000100000101000001000
100000000854041
0110001000101000001000000000001000001000
100000000528070
0110001000101000000000100000101000001000
100000000141242
0000001000101000000000100000100000001000
100000000133594
0110101000100000001000100000100000001000
100000000810736
0110101000000000001000100000101000001000
100000000847671
0110101000101000001000100000101000001000
100000000649698
0110101000101000000000100000101000001000
100000000744800
0100100000001000000000100000101000001000
100000000513532
0110101000101000001000100000101000001000
100000000475881
0110100000101000001000100000001000001000
100000000827018
0010101000101000001000100000101000001000
100000000653574
0110101000101000001000100000101000001000
100000000500304
0010101000101000000000100000101000001000
100000000290691
0100100000001000001000100000101000001000
100000000033299
0010100000101000001000100000000000001000
100000000206419
0100001000100000001000000000101000000000
100000000746221
0110100000001000001000000000100000000000
100000000578266
0110001000100000001000100000100000001000
100000000911335
0110101000101000001000100000101000001000
100000000574763
0010001000000000001000100000101000000000
100000000868763
0100101000101000001000100000101000000000
100000000192654
0100101000001000001000100000000000000000
100000000107592
0110101000101000001000100000101000001000
100000000145859
0110101000100000001000100000001000001000
100000000399157
0110101000101000001000100000101000001000
100000000319231
0110101000100000001000100000101000000000
100000000003318
0110000000100000001000100000101000001000
100000000584048
0010100000001000001000100000101000000000
100000000718747
0110100000001000000000000000101000001000
100000000030091
0110100000101000001000100000101000001000
100000000288832
0000101000100000000000100000101000001000
100000000780163
0110001000001000001000100000100000001000
100000000109105
0100000000101000000000100000101000001000
100000000490597
0110101000101000001000100000101000001000
100000000322776
0010001000101000001000100000100000000000
100000000909765
0110101000101000001000100000101000001000
100000000392739
0110101000101000001000100000101000001000
100000000595814
0100101000101000001000100000101000001000
100000000426355
0100101000101000001000100000101000001000
100000000821447
0110001000101000001000100000101000001000
100000000612363
0100001000101000000000100000001000001000
100000000051545
0010100000001000001000000000101000001000
100000000107606
0110101000101000000000100000101000001000
100000000256333
0110100000100000001000100000001000000000
100000000711725
0110101000101000001000100000101000001000
100000000193678
0110001000101000001000100000001000001000
100000000099868
0010001000101000000000000000101000001000
100000000543642
0010100000000000001000100000100000001000
100000000096852
0110001000101000001000100000101000001000
100000000587194
0110101000101000001000100000101000000000
100000000332487
0000001000101000001000000000001000001000
100000000838851
0110100000101000000000000000100000000000
100000000374821
0000001000100000001000100000100000001000
100000000151000
0100001000000000001000100000001000001000
100000000258902
0100100000100000001000000000001000001000
100000000161135
0010100000001000000000100000001000001000
100000000649124
0000101000101000000000100000100000001000
100000000575375
0110101000000000001000000000100000001000
100000000762098
0100001000100000001000000000101000000000
100000000379994
0110101000101000001000100000101000001000
100000000895052
0110100000101000000000000000001000001000
100000000760455
0110101000001000000000000000001000000000
100000000426075
0010100000101000000000000000100000001000
100000000808131
0110101000100000000000000000101000001000
100000000888521
0110101000101000001000100000101000000000
100000000763672
0110101000101000001000100000001000001000
100000000261383
0110101000100000000000100000001000001000
100000000859053
0110101000000000001000100000000000001000
100000000483308
0100101000101000001000000000100000001000
100000000182467
0100101000101000001000100000100000001000
100000000198345
0110101000101000001000100000101000001000
100000000702293
0100101000001000001000100000101000001000
100000000483354
0110100000100000001000000000001000001000
100000000102461
0110101000101000001000100000101000001000
100000000607499
0010100000101000001000100000100000001000
100000000368737
0010101000100000001000100000100000001000
100000000096635
0110001000001000000000000000001000001000
100000000439171
0010101000100000001000100000101000000000
100000000954845
0110101000101000001000100000101000001000
100000000022535
0110000000101000001000100000101000001000
100000000288865
0110101000000000001000100000101000000000
100000000388717
0110101000101000001000100000001000001000
100000000012161
0110101000101000001000100000101000001000
100000000001218
0110101000101000001000100000001000001000
100000000152804
0110000000001000001000000000101000001000
100000000891639
0100101000000000001000000000001000001000
100000000392079
0010101000100000001000100000101000001000
100000000766218
0110000000001000001000100000000000001000
100000000737380
0110101000101000001000100000101000001000
100000000485681
0110001000001000001000000000100000001000
100000000761423
0100101000001000000000000000001000001000
100000000395998
0110101000101000001000000000100000001000
100000000480573
0010100000001000001000100000000000001000
100000000152467
0010100000101000001000000000001000000000
100000000923470
0110101000001000001000100000101000001000
100000000534586
0010101000101000001000000000101000001000
100000000379102
0110001000101000001000100000101000001000
100000000547534
0000001000101000001000000000100000001000
100000000037825
0100101000101000001000100000101000001000
100000000963436
0110101000101000001000100000101000001000
100000000110556
0110101000101000001000100000000000000000
100000000100490
0110100000000000001000100000101000001000
100000000777138
0110001000001000001000100000100000001000
100000000524104
0100001000001000001000000000001000001000
100000000514231
0110100000101000001000100000101000001000
100000000484631
0010001000101000000000100000101000001000
100000000417461
0110101000101000000000100000101000001000
100000000384082
0110101000101000000000100000101000001000
100000000839838
0110001000001000001000000000101000000000
100000000585075
0110101000101000001000100000001000001000
100000000235401
0010100000100000001000000000101000001000
100000000030525
0010001000100000001000100000101000001000
100000000037110
0110001000101000001000000000101000001000
100000000924229
0010001000000000001000100000101000001000
100000000183658
0100101000001000001000100000101000001000
100000000892703
0010100000101000001000100000100000001000
100000000228605
0110101000101000000000100000101000001000
100000000069212
0100100000001000001000100000001000001000
100000000314564
0110101000101000001000000000100000000000
100000000365047
0110101000001000001000100000101000000000
100000000088366
0110101000101000001000000000101000000000
100000000933521
0100100000100000001000100000101000001000
100000000559887
0100100000100000001000100000001000001000
100000000170928
0100101000001000001000100000001000000000
100000000247180
0010001000001000000000100000101000000000
100000000092353
0110101000001000001000100000001000000000
100000000523116
0110101000101000000000100000100000001000
100000000016277
0110100000101000001000100000101000001000
100000000001537
0110101000101000001000100000101000001000
100000000398560
0010001000101000000000100000001000001000
100000000040424
0110101000101000001000100000101000001000
100000000617043
0010101000101000001000100000001000001000
100000000699654
0110101000101000001000100000100000001000
100000000742796
0110100000100000001000100000101000001000
100000000621904
0010101000001000001000000000100000001000
100000000586841
0110101000101000001000100000101000001000
100000000597796
0100001000000000001000100000100000001000
100000000158915
0100001000101000000000100000101000001000
100000000825481
0110101000101000001000100000101000001000
100000000079093
0100101000101000001000100000101000001000
100000000404604
0110101000000000000000100000000000001000
100000000334558
0010001000101000001000100000101000001000
100000000242328
0110101000100000001000100000101000001000
100000000996150
0110001000101000001000100000101000001000
100000000611012
0110000000101000000000000000101000000000
100000000672688
0010101000101000001000100000101000001000
100000000407622
0110001000001000001000100000101000001000
100000000990159
0110101000000000001000000000101000000000
100000000440236
0110101000101000001000100000101000001000
100000000349085
0110101000101000000000000000001000001000
100000000227874
0010001000101000000000000000100000001000
100000000518453
0110101000101000001000100000101000001000
100000000410651
0000101000000000001000100000101000000000
100000000152482
0100101000101000000000000000101000001000
100000000306440
0110101000101000001000100000001000001000
100000000519760
0110001000101000001000100000101000001000
100000000881038
0000100000101000001000000000101000000000
100000000039782
0110101000101000001000100000101000001000
100000000102537
0110100000100000001000100000000000000000
100000000414732
0100101000001000000000000000101000001000
100000000302764
0110101000101000001000100000101000001000
100000000159116
0010101000001000000000000000101000001000
100000000567998
0110101000101000001000100000101000001000
100000000669254
0110100000100000001000100000101000000000
100000000611203
0110101000101000001000100000101000001000
100000000271126
0110101000101000001000100000101000001000
100000000857755
0110101000101000000000100000100000000000
100000000410882
0110101000100000001000000000100000001000
100000000828590
0110001000001000000000100000101000001000
100000000828720
0110101000101000001000100000101000001000
100000000831668
0110101000000000000000000000001000001000
100000000134779